[[0.5963666 ]1
 [0.55099165]2
 [0.56195647]3
 [0.5696318 ]4
 [0.5698361 ]5
 [0.6234776 ]6
 [0.6952217 ]7
 [0.67650634]8
 [0.6974254 ]9
 [0.7229884 ]10
 [0.7035743 ]11
 [0.75930125]12
 [0.7284171 ]13
 [0.7647084 ]14
 [0.7522924 ]15
 [0.74330556]16
 [0.70690674]17
 [0.6833217 ]18
 [0.67854875]19
 [0.7041978 ]20
 [0.6635743 ]21
 [0.66806775]22
 [0.6273045 ]23
 [0.6240258 ]24
 [0.6078581 ]25
 [0.598882  ]26
 [0.58920723]27
 [0.59312016]28
 [0.60133296]29
 [0.6176834 ]30
 [0.62699276]31
 [0.61469495]]32
